2,1000
3,0,37,0,103,0,41,0,191,
11,97,349,751,967,743,953,937,991,
37,241,977,991,997,911,977,991,971,
139,967,997,971,859,967,881,397,641,
617,991,953,761,0,883,761,0,0,
947,937,941,0,0,0,0,0,0,
991,859,0,0,0,0,0,0,0,
937,919,937,431,0,0,0,0,0,
983,853,0,0,0,0,0,0,0,
997,0,0,0,0,0,0,0,0,
977,0,0,0,0,0,0,0,0,
769,997,0,0,0,0,0,0,0,
0,0,0,0,0,0,0,0,0,
0,0,0,0,0,0,0,0,0,
0,0,0,0,0,0,0,0,0,
0,0,0,0,0,0,0,0,0,
0,0,0,0,0,0,0,0,0,
0,0,0,0,0,0,0,0,0,
0,0,0,0,0,0,0,0,0,
0,0,0,0,0,0,0,0,0,
0,0,0,0,0,0,0,0,0,
