2,1000
3,0,37,0,103,0,41,0,191,
11,97,349,751,967,743,953,937,1982,
37,241,1114,991,1874,911,1954,991,1942,
226,967,1994,971,1718,967,1762,397,1282,
617,991,1906,761,0,883,1522,0,0,
1642,937,1882,0,0,0,0,0,0,
1942,859,0,0,0,0,0,0,0,
1874,919,1874,431,0,0,0,0,0,
1966,853,0,0,0,0,0,0,0,
1994,0,0,0,0,0,0,0,0,
1954,0,0,0,0,0,0,0,0,
1538,997,0,0,0,0,0,0,0,
0,0,0,0,0,0,0,0,0,
0,0,0,0,0,0,0,0,0,
0,0,0,0,0,0,0,0,0,
0,0,0,0,0,0,0,0,0,
0,0,0,0,0,0,0,0,0,
0,0,0,0,0,0,0,0,0,
0,0,0,0,0,0,0,0,0,
0,0,0,0,0,0,0,0,0,
0,0,0,0,0,0,0,0,0,
0,0,0,0,0,0,0,0,0,
0,0,0,0,0,0,0,0,0,
